function mpc = israel() 

mpc.version = '2';

mpc.baseMVA = 100;

%%Bus Data
%	bus_i	type	Pd			Qd	Gs	Bs	area	Vm	Va	baseKV	zone	Vmax	Vmin

mpc.bus = [
	1	3	1.685152454066723e-7	0.0	0	0	1	1.0	0	132.0	1	1.1	0.9;
	2	1	505.54573638853236	0.0	0	0	1	1.0	0	380.0	1	1.1	0.9;
	3	2	1.1412876800648849e-7	0.0	0	0	1	1.0	0	132.0	1	1.1	0.9;
	4	1	2.2773843832930216e-7	0.0	0	0	1	1.0	0	132.0	1	1.1	0.9;
	5	2	1.1888326907296072e-7	0.0	0	0	1	1.0	0	132.0	1	1.1	0.9;
	6	1	356.6498073377655	0.0	0	0	1	1.0	0	380.0	1	1.1	0.9;
	7	2	1.8159861656105845	0.0	0	0	1	1.0	0	132.0	1	1.1	0.9;
	8	2	68.50872516476831	0.0	0	0	1	1.0	0	132.0	1	1.1	0.9;
	9	2	1.493239189517978e-7	0.0	0	0	1	1.0	0	132.0	1	1.1	0.9;
	10	2	447.97175700471735	0.0	0	0	1	1.0	0	380.0	1	1.1	0.9;
	11	2	689.3158694092452	0.0	0	0	1	1.0	0	380.0	1	1.1	0.9;
	12	1	441.1568496133202	0.0	0	0	1	1.0	0	380.0	1	1.1	0.9;
	13	2	674.5119160307297	0.0	0	0	1	1.0	0	380.0	1	1.1	0.9;
	14	1	458.79852531468646	0.0	0	0	1	1.0	0	380.0	1	1.1	0.9;
	15	2	468.43311154701763	0.0	0	0	1	1.0	0	380.0	1	1.1	0.9;
	16	2	1050.4733385070745	0.0	0	0	1	1.0	0	380.0	1	1.1	0.9;
	17	1	3.548740312469825e-7	0.0	0	0	1	1.0	0	132.0	1	1.1	0.9;
	18	1	1064.622094095821	0.0	0	0	1	1.0	0	380.0	1	1.1	0.9;
	19	2	1.3824802324657954e-7	0.0	0	0	1	1.0	0	132.0	1	1.1	0.9;
	20	1	414.7440698779866	0.0	0	0	1	1.0	0	380.0	1	1.1	0.9;
	21	1	3.0578492703292243e-7	0.0	0	0	1	1.0	0	132.0	1	1.1	0.9;
	22	2	1.1267432229609302e-7	0.0	0	0	1	1.0	0	132.0	1	1.1	0.9;
	23	2	3.097460231552693e-7	0.0	0	0	1	1.0	0	132.0	1	1.1	0.9;
	24	1	929.2380697755534	0.0	0	0	1	1.0	0	380.0	1	1.1	0.9;
	25	1	1.7527221595464615e-7	0.0	0	0	1	1.0	0	132.0	1	1.1	0.9;
	26	2	0.6699691671498487	0.0	0	0	1	1.0	0	132.0	1	1.1	0.9;
	27	2	6.759359902623043	0.0	0	0	1	1.0	0	132.0	1	1.1	0.9;
	28	2	1070.0128936907633	0.0	0	0	1	1.0	0	380.0	1	1.1	0.9;
	29	2	504.0247038996861	0.0	0	0	1	1.0	0	380.0	1	1.1	0.9;
	30	2	707.9550933513289	0.0	0	0	1	1.0	0	380.0	1	1.1	0.9;
	31	2	675.1478509125997	0.0	0	0	1	1.0	0	380.0	1	1.1	0.9;
	32	2	463.64427066782946	0.0	0	0	1	1.0	0	380.0	1	1.1	0.9;
];

%%Generator Data
%	bus	Pg	Qg	Qmax	Qmin	Vg	mBase	status	Pmax	Pmin	Pc1	Pc2   Qc1min  Qc1max  Qc2min  Qc2max  ramp_agc ramp_10 ramp_30 ramp_q  apf

mpc.gen = [
	2	0.0	0.0	70.5	-70.5	1.0	100	1	141.0	0.0	0	0	0	0	0	0	0	0	0.0	0	0;
	4	0.0	0.0	70.5	-70.5	1.0	100	1	141.0	0.0	0	0	0	0	0	0	0	0	0.0	0	0;
	6	0.0	0.0	180.0	-180.0	1.0	100	1	360.0	0.0	0	0	0	0	0	0	0	0	0.0	0	0;
	12	0.0	0.0	180.0	-180.0	1.0	100	1	360.0	0.0	0	0	0	0	0	0	0	0	0.0	0	0;
	14	0.0	0.0	180.0	-180.0	1.0	100	1	360.0	0.0	0	0	0	0	0	0	0	0	0.0	0	0;
	17	0.0	0.0	180.0	-180.0	1.0	100	1	360.0	0.0	0	0	0	0	0	0	0	0	0.0	0	0;
	18	0.0	0.0	287.5	-287.5	1.0	100	1	575.0	0.0	0	0	0	0	0	0	0	0	0.0	0	0;
	20	0.0	0.0	287.5	-287.5	1.0	100	1	575.0	0.0	0	0	0	0	0	0	0	0	0.0	0	0;
	21	0.0	0.0	107.0	-107.0	1.0	100	1	214.0	0.0	0	0	0	0	0	0	0	0	0.0	0	0;
	24	0.0	0.0	107.0	-107.0	1.0	100	1	214.0	0.0	0	0	0	0	0	0	0	0	0.0	0	0;
	25	0.0	0.0	114.0	-114.0	1.0	100	1	228.0	0.0	0	0	0	0	0	0	0	0	0.0	0	0;
	
];

%%Branch Data
%	fbus	tbus	r			x			b	rateA	rateB	rateC	ratio	angle	status	angmin	angmax

mpc.branch = [


	

	3	4	0.03020907520506198	0.08333537987603305	0.0	140.0	0	0	0	0	1	-360	360;
	1	4	0.015550421130582495	0.04289771346367585	0.0	140.0	0	0	0	0	1	-360	360;
	1	4	0.015857874468032596	0.04374586060146923	0.0	140.0	0	0	0	0	1	-360	360;
	2	12	0.00040769843150415506	0.0038585744410214685	0.0	1700.0	0	0	0	0	1	-360	360;
	2	12	0.00040769843150415506	0.0038585744410214685	0.0	1700.0	0	0	0	0	1	-360	360;
	14	15	0.0006633805729778393	0.006278423279968835	0.0	1700.0	0	0	0	0	1	-360	360;
	14	15	0.0006633805729778393	0.006278423279968835	0.0	1700.0	0	0	0	0	1	-360	360;
	10	16	0.00036841930561772854	0.0034868255710249307	0.0	1700.0	0	0	0	0	1	-360	360;
	10	16	0.00036841930561772854	0.0034868255710249307	0.0	1700.0	0	0	0	0	1	-360	360;
	11	16	0.0004089614445096952	0.003870527956966759	0.0	1700.0	0	0	0	0	1	-360	360;
	11	16	0.0004089614445096952	0.003870527956966759	0.0	1700.0	0	0	0	0	1	-360	360;
	10	20	0.0006642069763601108	0.0062862445976939055	0.0	1700.0	0	0	0	0	1	-360	360;
	10	20	0.0006642069763601108	0.0062862445976939055	0.0	1700.0	0	0	0	0	1	-360	360;
	6	20	0.0007877637111745151	0.007455620837901663	0.0	1700.0	0	0	0	0	1	-360	360;
	6	20	0.0007877637111745151	0.007455620837901663	0.0	1700.0	0	0	0	0	1	-360	360;
	19	21	0.02056781870272271	0.05673881021440749	0.0	140.0	0	0	0	0	1	-360	360;
	19	21	0.02056781870272271	0.05673881021440749	0.0	140.0	0	0	0	0	1	-360	360;
	19	21	0.02122231588682277	0.05854431968778696	0.0	140.0	0	0	0	0	1	-360	360;
	19	21	0.02122231588682277	0.05854431968778696	0.0	140.0	0	0	0	0	1	-360	360;
	9	22	0.015503443558480339	0.04276812016132507	0.0	140.0	0	0	0	0	1	-360	360;
	9	22	0.015503443558480339	0.04276812016132507	0.0	140.0	0	0	0	0	1	-360	360;
	9	22	0.01587271881473829	0.04378681052341597	0.0	140.0	0	0	0	0	1	-360	360;
	9	22	0.01587271881473829	0.04378681052341597	0.0	140.0	0	0	0	0	1	-360	360;
	17	23	0.03538159745245064	0.0976044067653811	0.0	140.0	0	0	0	0	1	-360	360;
	17	23	0.03538159745245064	0.0976044067653811	0.0	140.0	0	0	0	0	1	-360	360;
	16	24	0.0008258942662973793	0.007816499306028768	0.0	1700.0	0	0	0	0	1	-360	360;
	16	24	0.0008258942662973793	0.007816499306028768	0.0	1700.0	0	0	0	0	1	-360	360;
	16	24	0.0008555674496177285	0.008097334791024929	0.0	1700.0	0	0	0	0	1	-360	360;
	16	24	0.0008555674496177285	0.008097334791024929	0.0	1700.0	0	0	0	0	1	-360	360;
	4	25	0.015287551518709822	0.042172555913682276	0.0	140.0	0	0	0	0	1	-360	360;
	4	25	0.015287551518709822	0.042172555913682276	0.0	140.0	0	0	0	0	1	-360	360;
	4	25	0.014634584797299325	0.040371268406342975	0.0	140.0	0	0	0	0	1	-360	360;
	4	25	0.014634584797299325	0.040371268406342975	0.0	140.0	0	0	0	0	1	-360	360;
	8	26	0.06334496632349058	0.1747447346854913	0.0	140.0	0	0	0	0	1	-360	360;
	8	26	0.06334496632349058	0.1747447346854913	0.0	140.0	0	0	0	0	1	-360	360;
	8	26	0.05976343324827823	0.16486464344352617	0.0	140.0	0	0	0	0	1	-360	360;
	8	26	0.05976343324827823	0.16486464344352617	0.0	140.0	0	0	0	0	1	-360	360;
	26	27	0.09309948278446395	0.2568261594054178	0.0	140.0	0	0	0	0	1	-360	360;
	26	27	0.09309948278446395	0.2568261594054178	0.0	140.0	0	0	0	0	1	-360	360;
	5	27	0.01134892710660583	0.031307385121671256	0.0	140.0	0	0	0	0	1	-360	360;
	5	27	0.01134892710660583	0.031307385121671256	0.0	140.0	0	0	0	0	1	-360	360;
	7	27	0.04523770143376951	0.12479365912764004	0.0	140.0	0	0	0	0	1	-360	360;
	7	27	0.04523770143376951	0.12479365912764004	0.0	140.0	0	0	0	0	1	-360	360;
	20	28	0.0012649767074736841	0.011972100981447369	0.0	1700.0	0	0	0	0	1	-360	360;
	20	28	0.0012649767074736841	0.011972100981447369	0.0	1700.0	0	0	0	0	1	-360	360;
	18	28	7.86839190498615e-5	0.0007446870910076178	0.0	1700.0	0	0	0	0	1	-360	360;
	18	28	7.86839190498615e-5	0.0007446870910076178	0.0	1700.0	0	0	0	0	1	-360	360;
	2	29	0.0003818751911191135	0.0036141759159487533	0.0	1700.0	0	0	0	0	1	-360	360;
	2	29	0.0003818751911191135	0.0036141759159487533	0.0	1700.0	0	0	0	0	1	-360	360;
	15	29	0.0011315637115844877	0.010709442270353187	0.0	1700.0	0	0	0	0	1	-360	360;
	15	29	0.0011315637115844877	0.010709442270353187	0.0	1700.0	0	0	0	0	1	-360	360;
	11	30	0.00013685739636288088	0.0012952575012915512	0.0	1700.0	0	0	0	0	1	-360	360;
	11	30	0.00013685739636288088	0.0012952575012915512	0.0	1700.0	0	0	0	0	1	-360	360;
	13	30	0.00043573698306371197	0.004123939303995846	0.0	1700.0	0	0	0	0	1	-360	360;
	13	30	0.00043573698306371197	0.004123939303995846	0.0	1700.0	0	0	0	0	1	-360	360;
	28	30	0.00035820700237950136	0.0033901734153774237	0.0	1700.0	0	0	0	0	1	-360	360;
	28	30	0.00035820700237950136	0.0033901734153774237	0.0	1700.0	0	0	0	0	1	-360	360;
	13	31	0.0006239623785180055	0.005905358225259696	0.0	1700.0	0	0	0	0	1	-360	360;
	13	31	0.0006239623785180055	0.005905358225259696	0.0	1700.0	0	0	0	0	1	-360	360;
	2	31	0.00024071642219113568	0.0022782089957375344	0.0	1700.0	0	0	0	0	1	-360	360;
